0 510 544 418 343 467 755 773 763 663 553 480 419 381 380 251 275 252 296 279 145 177 304 298 361 267 239 236 365 333 410 315 314 309 297 259 405 443 531 671 672 0 
0 477 512 470 383 386 536 567 525 543 542 508 526 533 576 568 705 679 770 730 600 393 182 169 53 94 202 206 103 441 601 614 591 603 621 698 778 765 686 546 545 0 
0 27 92 144 287 263 504 362 337 373 368 246 153 195 172 360 288 290 316 332 334 327 305 344 256 243 231 276 289 140 83 9 122 170 197 210 221 178 173 232 51 0 
0 421 394 503 479 412 351 311 303 292 330 370 662 650 668 581 604 460 465 475 163 116 133 335 353 409 630 764 750 647 629 616 642 654 649 455 376 358 200 167 50 0 
0 523 516 406 451 404 369 411 456 445 209 192 194 75 87 207 364 310 102 20 16 73 109 179 211 326 372 518 519 552 641 444 462 285 265 214 148 168 254 132 0 
0 89 164 52 57 249 377 520 524 402 434 414 403 22 154 13 130 158 174 171 199 119 142 114 247 301 269 389 397 453 534 500 464 463 325 274 33 46 1 18 0 
0 687 609 674 682 677 658 559 395 363 346 321 307 281 217 268 129 189 427 514 573 588 655 640 626 554 515 713 738 732 721 701 710 737 690 697 684 570 357 379 0 
0 530 506 517 486 420 347 258 459 468 375 306 286 407 578 563 560 681 743 675 733 669 726 450 400 498 478 700 695 699 622 547 469 118 71 74 65 100 43 84 0 
0 550 585 646 513 540 484 433 457 229 727 676 691 660 529 507 426 436 328 356 424 430 431 284 349 283 193 106 79 66 113 93 85 124 220 264 415 416 312 260 0 
0 390 511 569 653 715 702 754 768 740 605 422 120 70 45 49 56 235 270 497 608 635 637 667 565 501 491 449 233 190 188 308 367 398 454 488 618 651 558 527 0 
0 5 36 8 2 10 7 12 30 48 378 442 481 413 399 538 592 582 532 593 509 446 440 385 282 42 341 280 606 574 541 496 494 338 342 461 374 59 61 86 0 
0 779 759 661 648 598 557 590 466 472 722 772 725 580 482 350 352 215 110 37 47 23 115 123 204 186 495 435 437 522 489 549 624 638 610 571 589 535 473 0 
0 218 355 471 555 595 602 564 476 160 117 97 88 125 146 143 176 198 354 696 729 742 756 746 707 539 485 429 359 278 227 151 98 137 408 439 556 505 244 191 0 
0 348 639 631 566 575 633 584 382 401 587 716 723 771 753 751 708 693 615 391 226 257 219 228 213 295 161 253 203 38 6 44 128 250 216 317 319 273 185 147 0 
0 184 63 77 248 392 425 458 452 720 762 766 780 748 781 782 744 703 741 664 502 487 493 448 599 704 683 709 735 371 366 417 483 528 490 336 340 447 586 551 0 
0 678 596 652 685 739 659 548 776 757 745 783 775 712 694 717 728 724 752 719 749 731 623 656 657 579 611 645 294 255 277 126 150 492 499 644 736 758 777 774 0 
0 261 272 271 104 55 32 149 396 388 432 572 577 628 617 619 223 320 240 155 242 387 323 680 760 688 665 706 718 747 627 692 612 562 597 734 769 761 666 636 0 
0 58 107 111 162 230 345 300 262 29 3 19 26 131 166 69 54 112 293 187 138 157 331 324 181 238 134 135 21 34 40 101 711 714 767 537 673 620 643 625 0 
0 25 17 95 35 96 91 141 159 201 237 90 28 24 11 78 121 39 64 99 31 152 222 384 521 474 613 634 299 180 208 108 105 212 339 423 438 165 224 196 0 
0 561 594 607 689 632 670 583 428 329 60 72 156 136 76 15 81 139 80 302 313 225 62 4 14 82 68 41 67 127 175 205 266 322 318 241 183 291 245 234 0 
